#0: 12 4 20 13 Candidate: 
#1: 25 715 28 718 Candidate: 
#2: 39 807 828 34 Candidate: 319(1) 
#3: 39 826 34 827 Candidate: 319(1) 
#4: 39 826 767 34 Candidate: 319(1) 825(0) 827(0) 
#5: 39 826 825 34 Candidate: 319(1) 827(0) 
#6: 43 497 310 18 Candidate: 406(1) 407(2) 
#7: 43 497 407 310 Candidate: 406(1) 
#8: 43 947 944 664 Candidate: 948(3) 27552(1) 
#9: 43 948 944 664 Candidate: 27552(1) 
#10: 46 40 1 45 Candidate: 97(0) 
#11: 46 97 1 45 Candidate: 
#12: 47 50 61 49 Candidate: 59(1) 343(0) 
#13: 47 50 61 59 Candidate: 343(0) 
#14: 48 2141 2054 2147 Candidate: 2144(3) 2146(1) 2148(2) 2149(2) 2150(2) 2152(2) 2153(2) 2154(2) 
#15: 48 2141 2054 2143 Candidate: 2144(3) 2145(3) 2146(1) 2147(0) 2148(2) 2149(2) 2150(2) 2151(2) 2152(2) 2153(2) 2154(2) 
#16: 48 2141 2054 2142 Candidate: 2143(0) 2144(3) 2145(3) 2146(1) 2147(0) 2148(2) 2149(2) 2150(2) 2151(2) 2152(2) 2153(2) 2154(2) 
#17: 48 2141 2054 2130 Candidate: 2138(0) 2139(0) 2140(0) 2142(0) 2143(0) 2144(3) 2145(3) 2146(1) 2147(0) 2148(2) 2149(2) 2150(2) 2151(2) 2152(2) 2153(2) 2154(2) 
#18: 48 2141 2054 2140 Candidate: 2142(0) 2143(0) 2144(3) 2145(3) 2146(1) 2147(0) 2148(2) 2149(2) 2150(2) 2151(2) 2152(2) 2153(2) 2154(2) 
#19: 48 2141 2054 2139 Candidate: 2140(0) 2142(0) 2143(0) 2144(3) 2146(1) 2147(0) 2148(2) 2149(2) 2150(2) 2152(2) 2153(2) 2154(2) 
#20: 48 2141 2054 2138 Candidate: 2139(0) 2140(0) 2142(0) 2143(0) 2144(3) 2145(3) 2146(1) 2147(0) 2148(2) 2149(2) 2150(2) 2151(2) 2152(2) 2153(2) 2154(2) 
#21: 48 2141 2148 2130 Candidate: 2138(0) 2139(0) 2140(0) 2142(0) 2143(0) 2144(3) 2146(1) 2147(0) 2149(2) 2150(2) 2151(2) 2152(2) 2153(2) 2154(2) 
#22: 48 2141 2148 2138 Candidate: 2139(0) 2140(0) 2142(0) 2143(0) 2144(3) 2146(1) 2147(0) 2149(2) 2150(2) 2151(2) 2152(2) 2153(2) 2154(2) 
#23: 48 2141 2148 2139 Candidate: 2140(0) 2142(0) 2143(0) 2144(3) 2146(1) 2147(0) 2149(2) 2150(2) 2152(2) 2153(2) 2154(2) 
#24: 48 2141 2148 2140 Candidate: 2142(0) 2143(0) 2144(3) 2146(1) 2147(0) 2149(2) 2150(2) 2151(2) 2152(2) 2153(2) 2154(2) 
#25: 48 2141 2148 2142 Candidate: 2143(0) 2144(3) 2146(1) 2147(0) 2149(2) 2150(2) 2151(2) 2152(2) 2153(2) 2154(2) 
#26: 48 2141 2148 2143 Candidate: 2144(3) 2146(1) 2147(0) 2149(2) 2150(2) 2151(2) 2152(2) 2153(2) 2154(2) 
#27: 48 2141 2148 2147 Candidate: 2144(3) 2146(1) 2149(2) 2150(2) 2152(2) 2153(2) 2154(2) 
#28: 48 2141 2149 2130 Candidate: 2138(0) 2139(0) 2140(0) 2142(0) 2143(0) 2144(3) 2145(3) 2146(1) 2147(0) 2150(2) 2151(2) 2152(2) 2153(2) 2154(2) 
#29: 48 2141 2149 2138 Candidate: 2139(0) 2140(0) 2142(0) 2143(0) 2144(3) 2145(3) 2146(1) 2147(0) 2150(2) 2151(2) 2152(2) 2153(2) 2154(2) 
#30: 48 2141 2149 2139 Candidate: 2140(0) 2142(0) 2143(0) 2144(3) 2146(1) 2147(0) 2150(2) 2152(2) 2153(2) 2154(2) 
#31: 48 2141 2149 2140 Candidate: 2142(0) 2143(0) 2144(3) 2145(3) 2146(1) 2147(0) 2150(2) 2151(2) 2152(2) 2153(2) 2154(2) 
#32: 48 2141 2149 2142 Candidate: 2143(0) 2144(3) 2145(3) 2146(1) 2147(0) 2150(2) 2151(2) 2152(2) 2153(2) 2154(2) 
#33: 48 2141 2149 2143 Candidate: 2144(3) 2145(3) 2146(1) 2147(0) 2150(2) 2151(2) 2152(2) 2153(2) 2154(2) 
#34: 48 2141 2149 2147 Candidate: 2144(3) 2146(1) 2150(2) 2152(2) 2153(2) 2154(2) 
#35: 48 2141 2150 2130 Candidate: 2138(0) 2139(0) 2140(0) 2142(0) 2143(0) 2144(3) 2145(3) 2146(1) 2147(0) 2151(2) 2152(2) 2153(2) 2154(2) 
#36: 48 2141 2150 2138 Candidate: 2139(0) 2140(0) 2142(0) 2143(0) 2144(3) 2145(3) 2146(1) 2147(0) 2151(2) 2152(2) 2153(2) 2154(2) 
#37: 48 2141 2150 2139 Candidate: 2140(0) 2142(0) 2143(0) 2144(3) 2146(1) 2147(0) 2152(2) 2153(2) 2154(2) 
#38: 48 2141 2150 2140 Candidate: 2142(0) 2143(0) 2144(3) 2145(3) 2146(1) 2147(0) 2151(2) 2152(2) 2153(2) 2154(2) 
#39: 48 2141 2150 2142 Candidate: 2143(0) 2144(3) 2145(3) 2146(1) 2147(0) 2151(2) 2152(2) 2153(2) 2154(2) 
#40: 48 2141 2150 2143 Candidate: 2144(3) 2145(3) 2146(1) 2147(0) 2151(2) 2152(2) 2153(2) 2154(2) 
#41: 48 2141 2150 2147 Candidate: 2144(3) 2146(1) 2152(2) 2153(2) 2154(2) 
#42: 48 2141 2151 2130 Candidate: 2138(0) 2140(0) 2142(0) 2143(0) 2144(3) 2145(3) 2146(1) 2152(2) 2153(2) 2154(2) 
#43: 48 2141 2151 2138 Candidate: 2140(0) 2142(0) 2143(0) 2144(3) 2145(3) 2146(1) 2152(2) 2153(2) 2154(2) 
#44: 48 2141 2151 2140 Candidate: 2142(0) 2143(0) 2144(3) 2145(3) 2146(1) 2152(2) 2153(2) 2154(2) 
#45: 48 2141 2151 2142 Candidate: 2143(0) 2144(3) 2145(3) 2146(1) 2152(2) 2153(2) 2154(2) 
#46: 48 2141 2151 2143 Candidate: 2144(3) 2145(3) 2146(1) 2152(2) 2153(2) 2154(2) 
#47: 48 2141 2152 2130 Candidate: 2138(0) 2139(0) 2140(0) 2142(0) 2143(0) 2144(3) 2145(3) 2146(1) 2147(0) 2153(2) 2154(2) 
#48: 48 2141 2152 2138 Candidate: 2139(0) 2140(0) 2142(0) 2143(0) 2144(3) 2145(3) 2146(1) 2147(0) 2153(2) 2154(2) 
#49: 48 2141 2152 2139 Candidate: 2140(0) 2142(0) 2143(0) 2144(3) 2146(1) 2147(0) 2153(2) 2154(2) 
#50: 48 2141 2152 2140 Candidate: 2142(0) 2143(0) 2144(3) 2145(3) 2146(1) 2147(0) 2153(2) 2154(2) 